# llava one
[0.64, 0.69, 0.775, 0.74, 0.795]
[0.625, 0.685, 0.73, 0.71, 0.715]
[0.57, 0.635, 0.6383, 0.65, 0.675]
 [0.575, 0.615, 0.625, 0.645, 0.665]
[0.57, 0.605, 0.625, 0.64, 0.66]

# llava next
[0.71, 0.665, 0.69, 0.795, 0.73]
[0.675, 0.65, 0.7, 0.705, 0.725]
[0.6, 0.585, 0.645, 0.705, 0.77]
[0.615, 0.565, 0.61, 0.65, 0.765]
[0.625, 0.6, 0.6, 0.63, 0.745]

# qwenvl2 
[0.925, 0.805, 0.775, 0.865, 0.87]
[0.86, 0.865, 0.785, 0.78, 0.85]|
[0.83, 0.81, 0.87, 0.855, 0.85]
[0.785, 0.795, 0.845, 0.865, 0.815]
[0.775, 0.775, 0.835, 0.86, 0.85]